90
5
1000000000000000000 1 1000000000000000000 1 1000000000000000000
6
1000000000000000000 1 1000000000000000000 1 1000000000000000000 1
1
1000000000000000000
3
1000000000000000000 1 1000000000000000000
3
1000000000000000000 2 1000000000000000000
1
1
10
907308404331816226 828988405944577922 902540349055755618 428877925560128986 327128523535286273 339306612505208786 962353672044675073 24786701435480146 14306250367463146 539774932167688193
10
1 1 871786867878264833 832123690983525818 597623136673343624 836135620475177666 941134879754147398 1 854679389806230578 763396992118554625
2
710613970696344118 36296850783286660
1
614261174987659602
6
1 882309842196253314 673016280295145473 812813737088778241 722909303751336752 82446426678835618
4
822377490720265942 83207657341218168 49763139561541902 98063491213159026
6
1 877889412827216726 1 571984441599284806 723918269812309424 150564373528576001
6
1 268946750546640897 300792464469645702 608647770722139050 940834687403918310 867112025899162112
7
278652897959820474 797450859727917850 1 1 990588418011168769 251170571543263074 934121097032988722
6
235812345897615346 550470615566385656 32227651011666434 1 72060065000097538 150360476814686438
7
900918190911258625 701752776401616897 1 126787207088196336 1 652347654309210574 548434740920451073
7
637487998166189354 344305787007861274 1 504315346667175937 286656527804270514 266165604052756682 591105285597746680
2
1 833406005528756225
5
641975685232140258 333413942613309442 745034289768300545 101613478157660522 481091409039065089
2
667738041193332737 1
10
331178867164471138 1 539878447485550593 165455469378342968 1 467723264006370106 764607523034234881 946829500692824065 1 796414612577758660
9
102307256645509986 587952579499261953 1 540431955284459521 236439309675811618 458404610935672690 1 380380361262891009 603208868448408244
8
1 1 1 894045400323116424 637757668096453738 214161434436492092 526735986911357810 836791409264365680
2
664245169182185378 938985009573477650
2
1 162706290151221318
4
697897775925000202 1 1 597309536858679618
6
1 513906908090033454 459568044715540481 247808119338585090 1 799041772649202918
2
667738041193332737 300915998027906152
7
1 854277750134145025 745692638765966146 330467651061448716 1 504953543760450380 548434740920451073
5
532845870167889264 760860344267647350 377565962956756234 949865442893399246 752816167726612481
5
726741392895552050 1 1 745569318432994744 1
4
648850508852986646 509456375195898414 665459143837471498 661124907746846896
7
979882218910286272 231853069239750578 963764555602277452 1 671192691765236514 1 741239590513072386
2
726173169212554146 67309803821687970
7
1 203891849760342017 270961892029439058 582184467403861842 589231261702684673 253965617847336961 1
7
918556214702989746 148753811728236545 459158458465277596 254215640943427585 348074071565360514 1 214187835721515009
7
407425865946943390 1 315271807880177538 846391073407839522 1 579321669522082578 803474954604290708
1
732655641533508930
7
788283575322449794 522837238341475802 1 220450928831234049 355001939582946818 1 1
1
217319382276374529
1
978465697458525204
6
866401705562996737 1 472052477079322625 316510357524804246 532807054250737665 641950374183561954
5
370765279263719425 547405067774590977 367237201834541057 591104187700286778 1
1
999230704749759602
1
508297714273717558
2
796012711886012904 576612494654832641
8
714119245814087336 173619161137938433 985108429652000770 1 967450473039192714 988993314211776002 1 220853387409172414
7
622991720555828444 138919143712505314 1 345508517384798178 1 550860317181010770 464849108402895618
1
981392971787402754
2
33948401994919322 877589499360575489
8
1 1 324416150095265793 1 523408204789881132 310058354991448242 1 1
3
520056388940577026 887396917590742894 687821563538755106
7
323471142556232602 173218343505965586 652555891103614530 25174738813423010 243395262601756673 918739558556762113 816994295672903714
7
569528824661330330 595269135548320186 317789954229456386 172013297149074330 1 759025799229603841 852129036868648512
2
713119724021219329 362395078171820033
7
1 1 1 60201069372506113 205225309628997834 713559927838499436 1
5
915460472195258162 1 442765373411166772 1 329526943126126593
6
1 634151255220981774 616549358836938810 558272049409813214 333869020596666369 102913488855204002
7
220449977694695332 483985105591992321 596061966054251218 460678478556474698 584194133337490754 432193821876158465 532429169648467969
10
763521979486197784 462485044496789338 423385033026224026 57454734471014304 596202415553325418 966328334059307009 25213768297114978 304289409030422529 1 138679342904951030
2
516712760609831692 1
1
72057594037927937
1
1
8
1607061789999105 1 443095980841022640 515675998637043308 795503499277806722 31941638492760458 971329124787169296 515741772853369216
7
792840597567598250 639651357921378305 80639428357204386 358135049213984536 257013884564047362 1 965985264791715841
10
220524335514779234 140530877841141996 754348445313415866 666501858437141698 1 196471910269498484 1 30895361747582977 1 518770178689970540
7
927942405962072065 9221499049562816 859516404671184897 1 811853229269188609 518908590960934913 887594661843908850
10
444455988484436328 57617631208955930 677062298641351234 1 90620726082098722 404001226554819758 973149821423222002 1 869586713724583937 406427382934518242
9
1 1 1 344887664375496705 158870643867385857 1 354946413236239618 1 420489039562145793
7
990227941076238337 790469652137864666 689064611751777400 1 755421364212814850 519184134139748002 967223531682426894
10
148811333123326194 218932042661047314 1 1 1 516377016104044130 284138321777262593 817879085275348290 1 56796120104398246
8
904198122411905064 184108177963089921 1 799383482544747290 1 963564202960355329 93750579341715970 925784323796763554
1
992816742688688836
9
240646629485501122 641662160867950593 883896710877468250 1 1 1 379175064920391681 1 94842100071580744
5
332546372513893074 432955335962123202 1 149353542162656610 1
1
216508460930325352
1
61495086144763722
2
609328887349116929 611291191500865537
2
1 686297554398048736
7
188146770730811393 455098851924134164 1 666130979403333633 494063370085735602 1 408049152860713458
4
485923063555424257 857012456252318968 729784022357770241 523920426904723986
4
856291811944824833 568517212383115634 634485329067690210 78961277026843866
9
415093002892617058 438916911270199297 183508147078430721 298018099171383610 27319107446749494 1 1 525591820612780328 257979672270137310
5
1 525625407556809266 262131329622307670 963111510037042838 1
6
1 970775630795505665 436109522157170040 1 945792661623698270 1
2
1 468466554223574638
7
707055361691746305 527805616502448626 235027035578584642 559792685429357854 866280433587159718 125150118731897534 285045509529902594
8
849868253255573674 1 1 160174220954566657 739940309415989250 215521143360749442 73844339599023306 1
6
18194174936334498 820723191591221682 1 927628452112891905 85804032078539750 134907106097364993
